8.154220698634948
7.982786932771665e-07
77.36690272252707
205.0, 100.0, 15.0, 77.36690272252707, 2023-04-27 15:33:26.909099
39.92449041517438
205.0, 60.0, 15.0, 39.92449041517438, 2023-04-27 16:17:01.126271
39.92449041517438
205.0, 60.0, 15.0, 39.92449041517438, 2023-04-27 16:19:05.414293
39.92449041517438
205.0, 60.0, 15.0, 39.92449041517438, 2023-04-27 16:22:49.717926
39.92449041517438
205.0, 60.0, 15.0, 39.92449041517438, 2023-04-27 16:24:23.752714
39.92449041517438
205.0, 60.0, 15.0, 39.92449041517438, 2023-04-27 16:25:25.026916
39.92449041517438
205.0, 60.0, 15.0, 39.92449041517438, 2023-04-27 16:27:51.750124
39.92449041517438
205.0, 60.0, 15.0, 39.92449041517438, 2023-04-27 16:28:07.087600
39.92449041517438
205.0, 60.0, 15.0, 39.92449041517438, 2023-04-27 16:30:27.788476
39.92449041517438
205.0, 60.0, 15.0, 39.92449041517438, 2023-04-27 16:32:03.934499
